1.579003200000000000e+09 3.872127860000000000e+08 5.852987221315108538e+08 1.962319911340967948e+00 8.499620000000000800e+03
1.578960000000000000e+09 3.872127860000000000e+08 1.933102241986699104e+08 2.556054048347936369e+00 8.260819999999999709e+03
1.578916800000000000e+09 3.872127860000000000e+08 2.113037984570819736e+08 2.508290603982153755e+00 8.084739999999999782e+03
1.578873600000000000e+09 3.872127860000000000e+08 1.334649318477280587e+08 1.834634061741241773e+00 8.149520000000000437e+03
1.578830400000000000e+09 3.872127860000000000e+08 1.496808735824551582e+08 1.937141800702532723e+00 8.133109999999999673e+03
1.578787200000000000e+09 3.872127860000000000e+08 1.893187574486038983e+08 1.864000704659561247e+00 8.065020000000000437e+03
1.579006800000000000e+09 3.872127860000000000e+08 3.414451167783502340e+08 2.486755894047152360e+00 8.582270000000000437e+03
1.578963600000000000e+09 3.872127860000000000e+08 3.568404677865496874e+08 2.230409356725146175e+00 8.425819999999999709e+03
1.578920400000000000e+09 3.872127860000000000e+08 2.205464143757917583e+08 2.409340850560311775e+00 8.078229999999999563e+03
1.578877200000000000e+09 3.872127860000000000e+08 2.561102112033136189e+08 1.873372781065088866e+00 8.145720000000000255e+03
1.578834000000000000e+09 3.872127860000000000e+08 2.261405371447985470e+08 2.058378792228921395e+00 8.155090000000000146e+03
1.578790800000000000e+09 3.872127860000000000e+08 3.133164838042376041e+08 1.726480129764801363e+00 8.063390000000000327e+03
1.579010400000000000e+09 3.872127860000000000e+08 4.535520713778224587e+08 2.383450586264656668e+00 8.701549999999999272e+03
1.578967200000000000e+09 3.872127860000000000e+08 3.246330762384442091e+08 2.395181772004934206e+00 8.420000000000000000e+03
1.578924000000000000e+09 3.872127860000000000e+08 5.023657421472644806e+08 2.679144385026738018e+00 8.082310000000000400e+03
1.578880800000000000e+09 3.872127860000000000e+08 3.949024764962020516e+08 1.914166350170907638e+00 8.108640000000000327e+03
1.578837600000000000e+09 3.872127860000000000e+08 1.106669846147264689e+08 2.100985221674876779e+00 8.131750000000000000e+03
1.578794400000000000e+09 3.872127860000000000e+08 2.476647800955035090e+08 2.069336860003778700e+00 8.085010000000000218e+03
1.579014000000000000e+09 3.872127860000000000e+08 3.758747407170544863e+08 2.151920456266088078e+00 8.685559999999999491e+03
1.578970800000000000e+09 3.872127860000000000e+08 2.289477394661062658e+08 2.856250481992750778e+00 8.475100000000000364e+03
1.578927600000000000e+09 3.872127860000000000e+08 1.961981273481225073e+08 2.257403073165767715e+00 8.077600000000000364e+03
1.578884400000000000e+09 3.872127860000000000e+08 2.858111870976999998e+08 2.222403148110455362e+00 8.099340000000000146e+03
1.578841200000000000e+09 3.872127860000000000e+08 1.745905165959922373e+08 2.561085972850678516e+00 8.150600000000000364e+03
1.578798000000000000e+09 3.872127860000000000e+08 1.974528730392523408e+08 1.895622233152975955e+00 8.084289999999999964e+03
1.578754800000000000e+09 3.872127860000000000e+08 1.355984729504683614e+08 2.304872295976817753e+00 8.095239999999999782e+03
1.579017600000000000e+09 3.872127860000000000e+08 2.936236718651279807e+08 2.266361974405850077e+00 8.663780000000000655e+03
1.578974400000000000e+09 3.872127860000000000e+08 3.669727574245179892e+08 3.150090942160785890e+00 8.531909999999999854e+03
1.578931200000000000e+09 3.872127860000000000e+08 1.892080928959405422e+08 2.429959977129788395e+00 8.099319999999999709e+03
1.578888000000000000e+09 3.872127860000000000e+08 1.259139034000909775e+08 1.832480382122142704e+00 8.107489999999999782e+03
1.578844800000000000e+09 3.872127860000000000e+08 1.368814845108949244e+08 1.999666822149663403e+00 8.102810000000000400e+03
1.578801600000000000e+09 3.872127860000000000e+08 1.796573895548266172e+08 1.737300843486410562e+00 8.073810000000000400e+03
1.578758400000000000e+09 3.872127860000000000e+08 1.901681922341009080e+08 2.179945142565542060e+00 8.163210000000000036e+03
1.579021200000000000e+09 3.872127860000000000e+08 1.469746175814801693e+09 2.023539901917075223e+00 8.777719999999999345e+03
1.578978000000000000e+09 3.872127860000000000e+08 2.985659746539493203e+08 2.353999006458022958e+00 8.480000000000000000e+03
1.578934800000000000e+09 3.872127860000000000e+08 2.814373058553041220e+08 1.870362580970808430e+00 8.092170000000000073e+03
1.578891600000000000e+09 3.872127860000000000e+08 1.731782013913331032e+08 2.034402911015547488e+00 8.090409999999999854e+03
1.578848400000000000e+09 3.872127860000000000e+08 1.356218889329211414e+08 1.694298655546768284e+00 8.107699999999999818e+03
1.578805200000000000e+09 3.872127860000000000e+08 1.316148053646993339e+08 1.677505567928730512e+00 8.097710000000000036e+03
1.578762000000000000e+09 3.872127860000000000e+08 1.863123023305943608e+08 1.897493837304847997e+00 8.164180000000000291e+03
1.579024800000000000e+09 3.872127860000000000e+08 4.877389442350344062e+08 1.995408793925481206e+00 8.775000000000000000e+03
1.578981600000000000e+09 3.872127860000000000e+08 2.057114467449873686e+08 3.109098567818028513e+00 8.499450000000000728e+03
1.578938400000000000e+09 3.872127860000000000e+08 5.844960756723080873e+08 1.786256200758681079e+00 8.103710000000000036e+03
1.578895200000000000e+09 3.872127860000000000e+08 1.843710584185529649e+08 1.939591723371753895e+00 8.055670000000000073e+03
1.578852000000000000e+09 3.872127860000000000e+08 1.365172684289154708e+08 2.099060769045516750e+00 8.118680000000000291e+03
1.578808800000000000e+09 3.872127860000000000e+08 1.695710360863892138e+08 1.804274465691788620e+00 8.083000000000000000e+03
1.578765600000000000e+09 3.872127860000000000e+08 2.342271900710196495e+08 2.089741606065294910e+00 8.166689999999999600e+03
1.579028400000000000e+09 3.872127860000000000e+08 5.065940429164987803e+08 2.091784195209312802e+00 8.769739999999999782e+03
1.578985200000000000e+09 3.872127860000000000e+08 2.279768894973501861e+08 2.088191330343796892e+00 8.500000000000000000e+03
1.578942000000000000e+09 3.872127860000000000e+08 3.452891085608051419e+08 1.948290382347987126e+00 8.113000000000000000e+03
1.578898800000000000e+09 3.872127860000000000e+08 2.098828608159300089e+08 2.154281670205237198e+00 8.070000000000000000e+03
1.578855600000000000e+09 3.872127860000000000e+08 2.372517383635981381e+08 3.137592826117416411e+00 8.125420000000000073e+03
1.578812400000000000e+09 3.872127860000000000e+08 1.508060519327239096e+08 1.816883302385373433e+00 8.092069999999999709e+03
1.578769200000000000e+09 3.872127860000000000e+08 1.328652589888427705e+08 1.829838840079771378e+00 8.151659999999999854e+03
1.579032000000000000e+09 3.872127860000000000e+08 3.584743018566219807e+08 2.084089786926962784e+00 8.675149999999999636e+03
1.578988800000000000e+09 3.872127860000000000e+08 2.686644551565745473e+08 2.379693241731906106e+00 8.510700000000000728e+03
1.578945600000000000e+09 3.872127860000000000e+08 2.648367067669250667e+08 1.945060624130391602e+00 8.157550000000000182e+03
1.578902400000000000e+09 3.872127860000000000e+08 1.515511477652895451e+08 2.238499007757531967e+00 8.108930000000000291e+03
1.578859200000000000e+09 3.872127860000000000e+08 2.461067755163968503e+08 1.889061851390618552e+00 8.144600000000000364e+03
1.578816000000000000e+09 3.872127860000000000e+08 1.397747320991508365e+08 1.866466866466866437e+00 8.129380000000000109e+03
1.578772800000000000e+09 3.872127860000000000e+08 2.302632662725002766e+08 1.936783565997049150e+00 8.155510000000000218e+03
1.579035600000000000e+09 3.872127860000000000e+08 2.400908936770105958e+08 2.292626824474091496e+00 8.740620000000000800e+03
1.578992400000000000e+09 3.872127860000000000e+08 2.963591632123861313e+08 2.221571968293947652e+00 8.489950000000000728e+03
1.578949200000000000e+09 3.872127860000000000e+08 3.363397843223307729e+08 2.125959525471039946e+00 8.135260000000000218e+03
1.578906000000000000e+09 3.872127860000000000e+08 1.914843574382487833e+08 2.675064382487963410e+00 8.102560000000000400e+03
1.578862800000000000e+09 3.872127860000000000e+08 1.483252442193326950e+08 1.991441683549013852e+00 8.099000000000000000e+03
1.578819600000000000e+09 3.872127860000000000e+08 1.390975888962128162e+08 1.870063119927863005e+00 8.125970000000000255e+03
1.578776400000000000e+09 3.872127860000000000e+08 1.484768382831541300e+08 1.727458921007308135e+00 8.109119999999999891e+03
1.579039200000000000e+09 3.872127860000000000e+08 5.729136471959503889e+08 2.782363354724496585e+00 8.732520000000000437e+03
1.578996000000000000e+09 3.872127860000000000e+08 2.220729884093552530e+08 2.568444750171971602e+00 8.514610000000000582e+03
1.578952800000000000e+09 3.872127860000000000e+08 2.593427561671167016e+08 2.282253225322532053e+00 8.127779999999999745e+03
1.578909600000000000e+09 3.872127860000000000e+08 1.513363670265755057e+08 3.052054441075920721e+00 8.108800000000000182e+03
1.578866400000000000e+09 3.872127860000000000e+08 1.429873331738218963e+08 1.907574514629477802e+00 8.156920000000000073e+03
1.578823200000000000e+09 3.872127860000000000e+08 2.190925265301086009e+08 1.905501211522929284e+00 8.121100000000000364e+03
1.578780000000000000e+09 3.872127860000000000e+08 1.952290740546362102e+08 2.164648238883239539e+00 8.072010000000000218e+03
1.579042800000000000e+09 3.871882204689199328e+08 2.657091083361327052e+08 3.099745301851724477e+00 8.830329999999999927e+03
1.578999600000000000e+09 3.872127860000000000e+08 3.115682377079805732e+08 2.157808090310441962e+00 8.520000000000000000e+03
1.578956400000000000e+09 3.872127860000000000e+08 2.709089537683284283e+08 1.940831464550629715e+00 8.107850000000000364e+03
1.578913200000000000e+09 3.872127860000000000e+08 1.239875275810914189e+08 2.960903324584426954e+00 8.079380000000000109e+03
1.578870000000000000e+09 3.872127860000000000e+08 1.968587246313978136e+08 1.672988211173757067e+00 8.187560000000000400e+03
1.578826800000000000e+09 3.872127860000000000e+08 2.480096068083387613e+08 2.225603785900783116e+00 8.097810000000000400e+03
1.578783600000000000e+09 3.872127860000000000e+08 1.270114986180492193e+08 1.588498936493466962e+00 8.022149999999999636e+03
